# 为这个句子生成表示以用于检索相关文章：What is the capital of China?
0.00961836613714695
0.019566791132092476
0.002992573892697692
0.007751709781587124
0.04752238094806671
0.03199406713247299
0.050721097737550735
0.008393380790948868
-0.04650349169969559
-0.011207436211407185
-0.034048356115818024
-0.07999152690172195
0.06531912088394165
0.005866418592631817
0.014841276220977306
0.014550679363310337
-0.03905599191784859
-0.05291126295924187
-0.0014952670317143202
-0.044562093913555145
0.03266603872179985
0.0381261482834816
0.00493148248642683
-0.07082358747720718
0.004259148146957159
0.011014711111783981
0.010917482897639275
-0.013450324535369873
-0.03936438634991646
-0.07351624220609665
-0.059146951884031296
0.009749670512974262
0.051301825791597366
0.037999533116817474
0.039598673582077026
-0.03125600889325142
-0.004340732470154762
-0.022193703800439835
0.011003955267369747
-0.04356280714273453
0.04474442079663277
0.00370463402941823
0.08302672952413559
0.011273059993982315
0.08295682072639465
-0.0058733574114739895
0.04604705423116684
-0.0031270531471818686
0.0008332387078553438
-0.04222600907087326
0.0969950407743454
0.027088498696684837
0.04963861405849457
0.02432989329099655
0.006655598990619183
0.05803712084889412
0.05294564738869667
-0.005400707945227623
0.06100768223404884
0.02413344383239746
-0.013210108503699303
0.019611438736319542
-0.14083103835582733
0.029789486899971962
-0.0020575711969286203
0.005437868181616068
-0.029390249401330948
-0.012185798026621342
-0.021863246336579323
-0.0038581539411097765
0.02591531164944172
-0.03164801374077797
-0.021463094279170036
0.029634954407811165
0.008609732612967491
0.0009922247845679522
0.027537044137716293
-0.00794904213398695
-0.01879795640707016
-0.038058895617723465
-0.03522960841655731
0.057023003697395325
-0.049778521060943604
0.012978589162230492
0.0452488549053669
0.012961668893694878
-0.021746139973402023
0.038699518889188766
-0.04685179889202118
-0.035102952271699905
0.020596541464328766
-0.018798379227519035
-0.04443831741809845
0.06799006462097168
-0.09429304301738739
-0.04190845042467117
0.00655998382717371
0.05247713252902031
-0.009718633256852627
0.30106014013290405
-0.03206736221909523
-0.0008681601611897349
0.07351845502853394
-0.05136987566947937
0.015796806663274765
-0.0207351241260767
-0.022330444306135178
0.017060162499547005
0.01256943866610527
0.03838088735938072
-0.03563597798347473
-0.018311882391572
-0.01156661007553339
-0.050192102789878845
0.0006747751031070948
-0.043309442698955536
0.09727572649717331
0.007054439280182123
-0.0587230809032917
-0.04030856862664223
0.032344166189432144
0.02907094731926918
-0.0037517291493713856
-0.0008120446582324803
0.007122091483324766
-0.045382656157016754
-0.016741065308451653
0.04842974245548248
0.0566864050924778
-0.014998553320765495
-0.01698087342083454
0.054380010813474655
0.012652264907956123
0.012377330102026463
-0.029834646731615067
-0.0634237751364708
-0.04298383742570877
-0.017983565106987953
-0.023892560973763466
-0.10221587866544724
0.016799747943878174
-0.04567217081785202
-0.04024594649672508
-0.09638670086860657
-0.1197856068611145
0.021071329712867737
0.03757934272289276
0.011488675139844418
-0.020235741510987282
0.0002021765394601971
-0.039990153163671494
0.038529034703969955
0.041779302060604095
0.005469301715493202
0.04113039746880531
0.006974032614380121
0.09590689092874527
0.07143072038888931
0.04592272639274597
-0.04340271279215813
-0.0045731086283922195
-0.04115332290530205
-0.07471869140863419
0.09564834833145142
0.040629420429468155
-0.0958738625049591
-0.030664045363664627
0.049580857157707214
0.008223379962146282
-0.03407662734389305
-0.02727830596268177
0.029443662613630295
-0.06550528109073639
-0.000536122708581388
0.1161709576845169
-0.05873026326298714
0.0063230362720787525
-0.05817428603768349
0.03711024671792984
-0.012856819666922092
0.05934549868106842
-0.0419154092669487
-0.054429180920124054
-0.026354698464274406
-0.04704158008098602
-0.07309291511774063
-0.06451884657144547
-0.020830830559134483
-0.00697838980704546
-0.06490621715784073
-0.019812172278761864
0.06953329592943192
0.049794141203165054
0.10298354178667068
-0.030343687161803246
-0.03125493973493576
0.030655372887849808
-0.019710490480065346
0.07683771848678589
-0.047330453991889954
0.09287089854478836
-0.042585987597703934
-0.009537902660667896
-0.0308662299066782
-0.06994868814945221
-0.04115882143378258
0.0753454715013504
0.016515029594302177
-0.0614766888320446
0.04832793027162552
-0.05815804749727249
0.07112977653741837
0.02572566457092762
-0.019315505400300026
-0.014604161493480206
0.0033367155119776726
-0.014474320225417614
0.03800152987241745
-0.06654370576143265
-0.010658986866474152
0.015071521513164043
-0.07828500866889954
-0.09204750508069992
-0.28411775827407837
-0.01564357802271843
-0.03767852112650871
-0.04301241412758827
0.046546049416065216
0.006797044537961483
0.007324164733290672
0.03795712813735008
0.04628920182585716
0.025247955694794655
0.04781123250722885
0.006585362367331982
-0.05112643167376518
0.037586722522974014
-0.04053165018558502
0.001631454681046307
0.05531991273164749
-0.0008282996132038534
0.08593784272670746
-0.024607306346297264
0.04976171255111694
-0.00981150846928358
-0.06534875929355621
-0.07280422002077103
0.01212511770427227
-0.020025584846735
0.05313487350940704
-0.003409328404814005
0.018521567806601524
0.004442892968654633
0.08023981750011444
0.001797935925424099
0.04019693657755852
-0.06400486826896667
0.043100301176309586
-0.0043969666585326195
-0.02618025615811348
0.015607943758368492
-0.1089208722114563
0.012793333269655704
0.07697799801826477
0.05281165987253189
0.011357303708791733
-0.003139699809253216
0.04731824994087219
-0.023100651800632477
-0.0012612740974873304
-0.0007183976122178137
-0.022784961387515068
0.035593871027231216
0.022379769012331963
0.014758948236703873
-0.005203794687986374
0.046170949935913086
-0.03625760227441788
0.06282516568899155
-0.051441725343465805
0.025622930377721786
-0.04759517312049866
-0.011013166978955269
-0.023574430495500565
-0.0635707825422287
-0.008028198964893818
0.049605924636125565
-0.05480145663022995
0.05240805447101593
-0.042293719947338104
-0.030884161591529846
0.03482154756784439
0.025915613397955894
-0.0325157605111599
0.09846580028533936
-0.0011625580955296755
-0.03022552654147148
0.07564583420753479
-0.0055397688411176205
-0.013688962906599045
-0.0002690503606572747
0.0811212882399559
-0.003426914568990469
0.02479957602918148
-0.005778531543910503
0.03180021792650223
0.023908214643597603
0.007314395625144243
0.0067377518862485886
0.013175933621823788
-0.045730896294116974
0.04465411975979805
-0.011329579167068005
-0.08486485481262207
-0.02557821199297905
-0.01963520608842373
-0.09072993695735931
-0.07248147577047348
-0.03684063255786896
-0.28510838747024536
-0.010284851305186749
0.0021510578226298094
0.006488011684268713
-0.013116741552948952
-0.030395876616239548
0.013140580616891384
0.041309963911771774
0.029082905501127243
0.0014305177610367537
0.09465356916189194
0.014125192537903786
-0.0418257862329483
-0.03740004077553749
-0.059260424226522446
-0.03736797720193863
0.020134760066866875
-0.006127638276666403
0.0636647567152977
0.07779480516910553
0.0369853600859642
0.02597731351852417
0.1333780288696289
0.004604662302881479
0.017154600471258163
0.008525298908352852
-0.05665631219744682
0.0093227569013834
0.023456526920199394
0.053194981068372726
-0.011608938686549664
-0.06131535395979881
0.07870710641145706
-0.020272361114621162
-0.03243287652730942
0.05777805298566818
-0.04153827577829361
0.08173512667417526
-0.05365705490112305
0.018675560131669044
-0.04333134740591049
0.019208068028092384
-0.03162156045436859
-0.005168325733393431
0.07084645330905914
0.04229186475276947
-0.03518110513687134
0.01403025072067976
-0.003262436017394066
0.013522643595933914
-0.034640904515981674
0.029350847005844116
-0.029604829847812653
0.029403362423181534
0.0309794619679451
0.04690767452120781
0.02699469029903412
-0.06888069212436676
0.04766923561692238
0.024954337626695633
0.032095786184072495
0.001884839846752584
0.05184285342693329
0.02406647428870201
0.04619000479578972
# 为这个句子生成表示以用于检索相关文章：Explain gravity
-0.036115437746047974
0.047972578555345535
-0.015658598393201828
0.03363746404647827
-0.009230907075107098
-0.017114732414484024
0.018924618139863014
0.03607594966888428
-0.010414937511086464
-0.03235211968421936
-0.023462116718292236
-0.07353812456130981
0.010531117208302021
-0.0006214439636096358
0.05396432429552078
-0.021272994577884674
-0.041719842702150345
-0.02017778903245926
-0.12853558361530304
-0.015426037833094597
0.12686994671821594
0.015269314870238304
-0.025484133511781693
-0.051148608326911926
0.016337281093001366
0.04363640025258064
0.01535232923924923
0.012478068470954895
0.0053876773454248905
-0.11883644759654999
-0.029353011399507523
-0.01728210784494877
0.06963811069726944
0.010090239346027374
0.006496171001344919
0.005167830269783735
-0.01561716292053461
-0.02586829662322998
-0.04355049133300781
0.030402742326259613
0.04558097571134567
-0.02439918741583824
0.037579283118247986
0.03160516917705536
0.06685969978570938
0.01746348664164543
0.008161930367350578
-0.017715230584144592
-0.0009011862566694617
-0.043213434517383575
-0.028721049427986145
0.019055504351854324
-0.019214807078242302
-0.016605759039521217
0.004159803036600351
0.045049913227558136
0.054018784314394
-0.029585542157292366
0.013862622901797295
-0.004799679387360811
0.04374587535858154
0.024017393589019775
-0.15003766119480133
0.07521037012338638
0.05064006522297859
-0.027672966942191124
-0.031153352931141853
-0.006973881274461746
0.03846483305096626
0.04452291876077652
0.005489470902830362
0.0005095475353300571
0.0031998977065086365
0.05212334915995598
-0.015016257762908936
0.008120481856167316
0.00047161863767541945
-0.04388121888041496
-0.018543289974331856
-0.04347769543528557
0.021596970036625862
0.0545174777507782
-0.021891608834266663
-0.003525729989632964
0.004719188436865807
0.006983078084886074
0.023986082524061203
-0.03832258656620979
0.016304684802889824
0.008870256133377552
-0.009577077813446522
-0.05272049456834793
-0.09964901208877563
0.023755211383104324
-0.06490620225667953
-0.04118083044886589
-0.028926610946655273
-0.013073291629552841
0.0061723156832158566
0.38969436287879944
-0.01955096423625946
0.0190050657838583
0.1386224776506424
0.041998960077762604
-0.004131265450268984
-0.025931579992175102
0.010706549510359764
-0.014499851502478123
0.06657037138938904
0.001950825797393918
-0.028580132871866226
0.01618032529950142
0.029375843703746796
-0.039531636983156204
-0.03637131676077843
-0.021230656653642654
0.03989436849951744
-0.04543053358793259
-0.011407067999243736
-0.019033929333090782
-0.03485610708594322
0.021635305136442184
-0.005976162385195494
-0.025099851191043854
0.018254971131682396
-0.03254047781229019
-0.0429958701133728
0.09216567128896713
0.038483016192913055
-0.02901252917945385
0.03384871408343315
-0.04906567186117172
0.013095923699438572
0.0029890560545027256
0.02114698849618435
-0.04255089908838272
-0.012339015491306782
0.04307447746396065
0.005054158624261618
-0.047516290098428726
0.04297298938035965
-0.01863176003098488
-0.006534182466566563
-0.10100866109132767
-0.05207390338182449
0.03384687006473541
0.02733433246612549
-0.001257629250176251
-0.031163519248366356
0.026664191856980324
-0.01065670046955347
0.024797258898615837
0.01541166566312313
0.014289377257227898
0.056078918278217316
0.02047532983124256
0.0671132504940033
0.023157861083745956
-0.04852823540568352
-0.023699717596173286
-0.022300316020846367
-0.024030165746808052
-0.07652165740728378
0.07332348823547363
0.078724704682827
-0.030831530690193176
-0.000872161122970283
0.04044157266616821
0.038435835391283035
-0.027136381715536118
0.04529247060418129
0.041565846651792526
-0.05626736208796501
-0.043967802077531815
0.12006909400224686
-0.0012937524588778615
-0.03233098238706589
-0.004835491068661213
0.04124419018626213
-0.00920421164482832
0.02285226248204708
-0.07281794399023056
-0.03731779754161835
0.04558241739869118
-0.03972814232110977
-0.058640655130147934
-0.04864801466464996
0.013829215429723263
-0.044343024492263794
-0.04452110454440117
0.014565550722181797
0.029226571321487427
-0.01752380281686783
0.03285825997591019
-0.039003148674964905
-0.043182969093322754
0.03859236463904381
-0.030610403046011925
-0.01661367528140545
-0.04126524552702904
0.022960398346185684
-0.035649191588163376
-0.026276186108589172
0.009856656193733215
-0.05604086443781853
-0.041284896433353424
0.08977719396352768
-0.015537194907665253
-0.011671674437820911
0.030454251915216446
-0.0009872604859992862
-0.007625470403581858
-0.0724700391292572
-0.020482683554291725
0.011891861446201801
-0.017406072467565536
-0.018997758626937866
-0.0033225950319319963
-0.07956521958112717
-0.014009406790137291
-0.015580067411065102
-0.1149950921535492
-0.03780236467719078
-0.3313497006893158
-0.05436015874147415
-0.01868334785103798
-0.03525780141353607
0.08427795022726059
-0.009745906107127666
0.05972084775567055
0.016972552984952927
0.019528688862919807
-0.024208523333072662
0.08717318624258041
-0.015916213393211365
-0.05430419370532036
-0.027131257578730583
-0.020229147747159004
-0.02580936625599861
0.005036108195781708
0.017442554235458374
0.020624499768018723
-0.010636960156261921
0.029211146757006645
0.05067291483283043
0.02904662676155567
-0.03779099881649017
0.00010660553380148485
-0.00674201175570488
0.09622728824615479
0.1011311262845993
0.06521492451429367
-0.012287089601159096
0.06882903724908829
-0.0018431799253448844
0.045760445296764374
-0.02396184578537941
0.05321624502539635
0.023683683946728706
-0.03337619826197624
-0.014476213604211807
-0.060129567980766296
-0.038331277668476105
0.017252271994948387
0.059551581740379333
0.00980998296290636
0.06378775835037231
0.007342848461121321
-0.027955977246165276
0.017209725454449654
0.007054716814309359
0.05766301602125168
0.025607410818338394
-0.006024901755154133
0.00411271583288908
0.037414904683828354
0.006446402985602617
-0.021856581792235374
0.00829511322081089
-0.023703090846538544
0.0013898510951548815
-0.02689577266573906
0.007719614543020725
-0.04256870970129967
0.01722780242562294
0.011217757128179073
0.001460454543121159
-0.0222704466432333
0.05460647493600845
-0.03320569172501564
0.014435246586799622
0.004213124047964811
0.03511814773082733
-0.02004578523337841
0.10340717434883118
-0.012659424915909767
0.013338230550289154
0.04968825355172157
0.01947958767414093
0.04954739287495613
-0.01893329992890358
0.03883472457528114
0.0047143083065748215
0.026857437565922737
0.06064920872449875
0.0383601039648056
0.06192022189497948
-0.0062006074003875256
-0.027400841936469078
-0.0036406442523002625
-0.08601364493370056
0.025586923584342003
-0.05260413885116577
-0.05478499084711075
-0.017244495451450348
-0.031918007880449295
-0.055822890251874924
-0.052492693066596985
-0.018121886998414993
-0.2929871380329132
0.013715849258005619
-0.008220705203711987
0.03928904980421066
-0.024101272225379944
-0.018390722572803497
0.040618184953927994
0.0378180593252182
0.02505507506430149
-0.029736103489995003
-0.04146812856197357
0.01931057870388031
-0.028058914467692375
-0.01951277256011963
-0.04183885082602501
0.006371891591697931
0.06166723743081093
-0.022330842912197113
0.06491191685199738
-0.01968616247177124
0.04435761645436287
-0.0053150830790400505
0.18158099055290222
0.04085990786552429
-0.021794745698571205
-0.005906613543629646
-0.005601218901574612
-0.0062255593948066235
0.044253528118133545
0.06174064427614212
-0.039633046835660934
0.009039726108312607
0.05067235976457596
0.003589609172195196
0.0095160948112607
0.05255447328090668
-0.016955392435193062
0.05108753591775894
0.03600863367319107
-0.046634480357170105
0.0031481441110372543
-0.005861716344952583
-0.014740603044629097
-0.01082669384777546
0.078719362616539
-0.04673340916633606
-0.013841226696968079
-0.0749143585562706
-0.006142538506537676
-0.0038690457586199045
0.0038350392132997513
0.018235068768262863
-0.027109818533062935
0.013475184328854084
-0.03583211451768875
0.028476959094405174
-0.020047856494784355
-0.026639480143785477
0.061031412333250046
-0.0014601770089939237
-0.0034480670001357794
-0.024511484429240227
0.050349246710538864
-0.019127782434225082
0.03408654406666756
# The capital of China is Beijing.
-0.0058084772899746895
-0.03241037204861641
0.025617917999625206
-0.017645368352532387
0.019833851605653763
0.01917433552443981
0.0822124108672142
0.0025953047443181276
0.03480200096964836
-0.006298678461462259
-0.025142965838313103
-0.07081524282693863
0.046415623277425766
0.051692429929971695
-0.03337550908327103
0.016916662454605103
-0.029974430799484253
-0.0397135466337204
-0.047588858753442764
-0.008404769003391266
-0.02535698562860489
-0.04649700969457626
0.017343221232295036
-0.05309375375509262
0.02816268615424633
-0.014668980613350868
-0.0200673658400774
0.011028112843632698
-0.015910984948277473
-0.06892670691013336
-0.04070616140961647
-0.02667504921555519
0.015534650534391403
-0.0018570456886664033
0.02144594117999077
-0.015184014104306698
0.00903727114200592
-0.0078862514346838
0.002580663189291954
-0.08944732695817947
0.09436239302158356
0.03842824324965477
0.06932990252971649
-0.03626510873436928
0.07197018712759018
-0.0023645961191505194
0.01075458899140358
0.04356519877910614
-0.0064991917461156845
-0.022036714479327202
0.08549229055643082
-0.013726012781262398
0.029723746702075005
0.02810690738260746
-0.029868463054299355
0.08894631266593933
0.00011241354513913393
0.016630586236715317
0.058962319046258926
-0.026118164882063866
-0.0012743632541969419
-0.004938550293445587
-0.1539045125246048
0.00833534263074398
0.026998011395335197
-0.0008468222222290933
-0.02090257592499256
-0.0160521287471056
0.014741970226168633
0.016563160344958305
0.04509920999407768
0.03089071623980999
0.011660207062959671
0.0146011458709836
-0.019238470122218132
-0.04913472384214401
0.012279273942112923
0.041610147804021835
-0.046891506761312485
-0.06072108820080757
0.0495905764400959
-0.025444524362683296
0.02528197132050991
0.042630791664123535
0.030271422117948532
0.05392841249704361
-0.03366678208112717
0.025773124769330025
-0.02747010998427868
-0.05251370742917061
0.019559506326913834
-0.02108152024447918
-0.016770048066973686
0.09041580557823181
-0.052093569189310074
-0.024267708882689476
0.04642634838819504
0.06502074003219604
-0.009884115308523178
0.3264676034450531
-0.0670199990272522
0.008587684482336044
-0.00807122141122818
-0.030575504526495934
0.014207424595952034
-0.0024704113602638245
-0.007449896540492773
0.027810897678136826
-0.023552846163511276
0.05204811692237854
-0.008483783341944218
-0.07530808448791504
0.05908641591668129
0.02232666313648224
-0.0381304956972599
-0.026297682896256447
0.11378057301044464
0.04819084703922272
-0.02434832975268364
-0.01633935421705246
0.04311592876911163
0.01023059245198965
-0.021535109728574753
0.012785006314516068
0.005901728291064501
-0.008294002152979374
-0.006231547333300114
0.06549947708845139
0.015939556062221527
-0.05200671777129173
0.018644655123353004
0.04254228249192238
-0.011357574723660946
0.044560663402080536
-0.0375552698969841
-0.01885543018579483
-0.020993614569306374
-0.04924332723021507
-0.005325371865183115
-0.035998810082674026
-0.042697034776210785
0.004086890257894993
-0.012678504921495914
-0.07616311311721802
-0.11660636216402054
0.014525935985147953
0.00711250863969326
-0.0699184462428093
-0.015614757314324379
-0.02606835588812828
-0.027105817571282387
0.004736505914479494
0.0031460346654057503
0.061093565076589584
0.00558509724214673
0.023409269750118256
0.11664830148220062
0.07069378346204758
0.07759499549865723
-0.024568017572164536
-0.0071265739388763905
-0.003212112234905362
-0.05320044234395027
0.10540610551834106
0.06523693352937698
-0.06598957628011703
-0.027938487008213997
-0.028908729553222656
-0.028296569362282753
-0.03116520680487156
-0.008909325115382671
0.0208835918456316
-0.004917216021567583
0.04726191610097885
0.10883399844169617
-0.03581850230693817
0.000570093106944114
-0.04133205488324165
0.021269256249070168
0.03833771497011185
0.07203537225723267
-0.027994995936751366
-0.016129346564412117
-0.006070279981940985
0.0006874013342894614
-0.026127712801098824
-0.06967442482709885
-0.025509411469101906
0.024933764711022377
-0.04715995490550995
-0.05115282163023949
0.09317107498645782
0.03531620278954506
0.04283725842833519
-0.056333307176828384
-0.016829324886202812
0.01524299941956997
-0.04240884259343147
0.0599648579955101
-0.03339192643761635
-0.011159738525748253
-0.04528835043311119
-0.021698763594031334
-0.022277873009443283
-0.005650890991091728
-0.01921255700290203
0.057069212198257446
-0.015968209132552147
-0.06515076756477356
0.0613931342959404
0.051418568938970566
0.09247197210788727
0.03652162104845047
-0.07946471869945526
0.03992909938097
-0.01471159141510725
0.04069101810455322
0.005933546926826239
-0.02853764407336712
0.005501266103237867
0.021405862644314766
-0.009473927319049835
-0.07705643028020859
-0.27950048446655273
-0.03387635573744774
-0.036512549966573715
-0.05016259849071503
0.030928634107112885
-0.006387465633451939
-0.0055986023508012295
0.030664410442113876
0.06516656279563904
0.0836055800318718
0.04065341874957085
0.005426459480077028
-0.06993374228477478
0.0554315447807312
-0.013517736457288265
-0.029808109626173973
0.02818615362048149
0.052870750427246094
0.019152147695422173
-0.048027750104665756
0.044567786157131195
0.036891695111989975
-0.08773818612098694
-0.057660214602947235
-0.05235663056373596
-0.03361053392291069
0.15321281552314758
-0.023039456456899643
-0.015379470773041248
0.017194809392094612
0.04971473664045334
-0.06274376064538956
0.07916402816772461
-0.12374712526798248
0.08182785660028458
0.040603797882795334
0.023548219352960587
-0.005781566258519888
-0.05643147975206375
0.01768265664577484
0.03361343964934349
0.03329014405608177
-0.01735963672399521
-0.022165298461914062
0.0205247700214386
0.003419404150918126
-0.009343089535832405
-0.006569483783096075
-0.043936893343925476
-0.025037750601768494
0.02694064751267433
-0.052786316722631454
-0.06341274827718735
0.0024188710376620293
-0.01032694336026907
-0.00027004280127584934
-0.04164927080273628
0.06514845043420792
-0.0029888551216572523
0.03970211744308472
-0.041459791362285614
-0.06523150205612183
0.030834294855594635
0.04015306383371353
-0.02503926493227482
0.02028532885015011
-0.007316173519939184
-0.010444165207445621
-0.009827744215726852
0.05466567724943161
-0.0024759292136877775
0.09171946346759796
0.017465779557824135
-0.10110337287187576
0.06765612214803696
-0.0053732991218566895
0.018806062638759613
0.03199145570397377
0.05183522775769234
0.007742600981146097
0.02902946062386036
-0.02625914290547371
-0.0058622513897717
0.018937868997454643
0.018988365307450294
0.02088386006653309
0.043698668479919434
-0.001002947916276753
0.04595378786325455
0.013304614461958408
-0.02235231176018715
-0.0205447506159544
-0.038833364844322205
-0.059627849608659744
-0.04828719049692154
-0.019483771175146103
-0.31605643033981323
-0.008305558003485203
0.021980464458465576
0.0031232719775289297
0.0005465872818604112
-0.03830435127019882
0.03662167116999626
0.07610689848661423
-0.036497797816991806
0.03414912521839142
0.06646748632192612
-0.041020289063453674
-0.004317078739404678
-0.061096400022506714
-0.014821117743849754
-0.04551645368337631
-0.028917312622070312
0.0031077261082828045
-0.010041345842182636
0.04551998898386955
0.020400570705533028
0.0350327342748642
0.12130923569202423
-0.05511442571878433
0.03790522739291191
-0.012139284051954746
-0.07843904942274094
0.012694812379777431
-0.0033254907466471195
0.01171443797647953
-0.02654922753572464
-0.047642480581998825
0.04844248294830322
-0.06976532936096191
-0.033290795981884
0.06917387992143631
-0.015825776383280754
0.03409614413976669
-0.029518933966755867
0.013262998312711716
-0.06862202286720276
0.02584555372595787
-0.01563708670437336
-0.014401596039533615
0.045017268508672714
0.04995947703719139
-0.01254824735224247
0.02299213409423828
0.044832080602645874
0.0323728583753109
0.0030713893938809633
-0.03883090242743492
-0.03349531441926956
0.015676632523536682
0.03652377799153328
-0.0005483595305122435
0.023449724540114403
-0.058405399322509766
0.03890896588563919
0.024280782788991928
0.004665850196033716
-0.026069248095154762
-0.05836741626262665
-0.02841031551361084
0.0015876333927735686
# Gravity is a force that attracts two bodies towards each other. It gives weight to physical objects and is responsible for the movement of planets around the sun.
-0.020170709118247032
0.0030963628087192774
-0.005599990487098694
-0.022529620677232742
-0.0327642597258091
-0.011588611640036106
0.08416526019573212
-0.003423424204811454
0.0371820367872715
0.012173207476735115
-0.0038436343893408775
-0.09582904726266861
-0.04198435693979263
0.006531474180519581
0.0386696383357048
-0.06684558838605881
-0.03191038593649864
0.002044005785137415
-0.11604799330234528
-0.004539177753031254
0.08661793917417526
-0.016738077625632286
-0.00018795217329170555
-0.03621527552604675
0.005718380678445101
0.062162112444639206
-0.0605650320649147
0.017136545851826668
-0.05020004138350487
-0.11583074182271957
0.022732464596629143
-0.07491911202669144
0.03969559818506241
0.0034846258349716663
-0.027553340420126915
0.02606046386063099
0.028680069372057915
-0.05628728121519089
-0.08438901603221893
0.014708920381963253
0.0706617683172226
0.0031408751383423805
-0.002662458224222064
-0.025646813213825226
0.016834160313010216
0.05172429606318474
-0.00885715801268816
-0.00046038575237616897
0.0006231431034393609
0.004816148895770311
0.012409999966621399
-0.011382685974240303
-0.03470674157142639
0.04146839678287506
-0.024195164442062378
0.028778351843357086
0.005290118511766195
-0.02633189596235752
0.011733508668839931
0.00041198826511390507
0.057917460799217224
0.014749052003026009
-0.10087593644857407
0.06406278163194656
0.051032621413469315
-0.020524654537439346
-0.003588438266888261
0.0023732364643365145
0.010462290607392788
0.0435236319899559
0.010334249585866928
0.031702931970357895
0.024908587336540222
0.06720659881830215
-0.02616923488676548
-0.010353718884289265
-0.0013673040084540844
-0.0908336192369461
0.0032067985739558935
-0.0288743507117033
0.03568018972873688
-0.011527379974722862
-0.03891432657837868
0.0399085097014904
-0.025613749399781227
0.01862984709441662
-0.02324841357767582
-0.04013020172715187
0.051579706370830536
0.04698965325951576
-0.05138123407959938
-0.05370646342635155
-0.06310494244098663
0.03791281208395958
-0.030840851366519928
-0.009791094809770584
-0.018565978854894638
-0.07128623872995377
-0.013151407241821289
0.35012689232826233
0.007999571040272713
0.07496119290590286
0.07133319228887558
0.04719052091240883
0.009127792902290821
-0.041262269020080566
0.056481923907995224
-0.028909798711538315
0.057857856154441833
0.02579769678413868
0.03243938088417053
0.009372079744935036
-0.02591829001903534
0.0033723460510373116
0.017041290178894997
-0.030695023015141487
-0.01646747626364231
-0.012921161949634552
0.0013745229225605726
-0.0158216692507267
-0.04437671974301338
-0.02654031105339527
0.07324826717376709
0.00040234558400698006
0.04761531203985214
-0.04487663507461548
-0.028796471655368805
0.10611265152692795
0.0012863674201071262
-0.0560588613152504
0.04597023129463196
-0.04510708898305893
-0.06200841814279556
-0.011090248823165894
0.036798037588596344
0.040310319513082504
0.04591992124915123
-0.00010351031232858077
0.020717600360512733
0.008385888300836086
-0.011669504456222057
-0.04682242497801781
0.037821508944034576
-0.11110217124223709
-0.03642740845680237
0.045727573335170746
0.014702312648296356
0.015504858456552029
-0.033707454800605774
0.05224272608757019
-0.0361703559756279
-0.0006667326088063419
-0.026256650686264038
0.0006998806493356824
0.013764559291303158
0.04169299080967903
0.06029370799660683
-0.026168685406446457
-0.023114733397960663
-0.02598394826054573
-0.025638645514845848
0.03331500664353371
-0.08159834891557693
0.04383818060159683
0.08485475927591324
-0.04136332869529724
-0.02938765659928322
-0.020369485020637512
-0.013436567038297653
0.018410013988614082
0.035997457802295685
0.03648672252893448
-0.01964259147644043
-0.057221636176109314
0.13619619607925415
0.0052260952070355415
-0.030588245019316673
0.04344632849097252
-0.019606171175837517
0.0015074597904458642
0.09685663878917694
-0.039909087121486664
-0.033282969146966934
-0.010725836269557476
-0.0001855540758697316
-0.020727429538965225
-0.11008588969707489
0.013824324123561382
-0.055324435234069824
0.006665213033556938
-0.024762045592069626
0.012812700122594833
-0.0013461883645504713
-0.04054560512304306
-0.08394628018140793
-0.07383175194263458
0.04605920985341072
3.7998423067620024e-05
-0.06566660851240158
0.03231704980134964
-0.005768661852926016
0.0423358790576458
-0.013385525904595852
0.015271082520484924
0.003178797662258148
-0.01638810895383358
0.04280772805213928
0.0048530385829508305
-0.03135896101593971
-0.023507313802838326
0.020680848509073257
-0.03510638326406479
-0.0857916995882988
-0.059726499021053314
-0.040799472481012344
-0.074760302901268
0.024771036580204964
0.013345284387469292
0.007778623607009649
-0.058705057948827744
0.010006517171859741
-0.11867809295654297
0.02415371686220169
-0.2808658182621002
-0.007315656170248985
-0.011442544870078564
-0.025612076744437218
0.13527995347976685
0.07805231213569641
0.06444954127073288
-0.015009461902081966
-0.07352795451879501
-0.051531486213207245
0.08279634267091751
-0.05452783778309822
-0.04510844126343727
-0.010215950198471546
-0.03811952471733093
-0.011506987735629082
-0.019365159794688225
-0.003033262677490711
-0.021280672401189804
-0.05667551979422569
-0.014282459393143654
-0.00028167470009066164
-0.013097134418785572
-0.011110387742519379
0.04330539330840111
0.01587613858282566
0.10062883794307709
0.09288807213306427
0.037392109632492065
-0.018738843500614166
0.03424829989671707
-0.011236507445573807
0.00034440355375409126
-0.05555158481001854
0.05783257633447647
-0.019147513434290886
0.002105009276419878
0.0020630217622965574
-0.05897194519639015
0.0038268405478447676
-0.049874547868967056
0.040329646319150925
0.005681232549250126
0.10002177953720093
-0.005404428578913212
0.018258221447467804
0.04542422294616699
0.027453945949673653
0.059414032846689224
-0.03151052072644234
0.0200809333473444
-0.028361177071928978
0.003253017319366336
0.023110605776309967
0.012971319258213043
-0.015537437051534653
-0.055137135088443756
0.032960548996925354
-0.041821982711553574
0.037508923560380936
-0.05529452860355377
-0.01952536031603813
0.04709338769316673
-0.0006913596298545599
0.023626277223229408
0.01689225621521473
-0.005730397999286652
0.00753227761015296
-0.033850330859422684
0.01346437819302082
-0.016049280762672424
0.09254814684391022
-0.044104740023612976
-0.04034818336367607
0.020780647173523903
0.015303744934499264
0.038058336824178696
0.12288999557495117
0.011252844706177711
0.006399765610694885
0.05330689251422882
0.031507186591625214
-0.009954915381968021
0.08392257988452911
0.032100558280944824
-0.06200924888253212
0.038775209337472916
-0.0389879047870636
0.0017277303850278258
-0.0883447527885437
0.003968311473727226
0.022284749895334244
0.006018226966261864
0.005535205826163292
-0.06514815986156464
0.004732562694698572
-0.28914180397987366
0.023429933935403824
-0.014743341132998466
0.04919179528951645
-0.03796257823705673
0.007151965983211994
0.07244925200939178
0.04211825132369995
-0.03205065056681633
-0.017189152538776398
-0.011421244591474533
-0.016473226249217987
-0.0192304365336895
0.05960861220955849
-0.015879452228546143
0.003041565418243408
0.08788975328207016
-0.019401954486966133
7.915373862488195e-05
-0.05224667862057686
0.034234315156936646
0.050207626074552536
0.14922119677066803
0.019068658351898193
0.012937936000525951
0.02698049508035183
0.006857702508568764
0.036614250391721725
0.019220944494009018
0.03306862711906433
0.004976266995072365
0.050165124237537384
0.03668100759387016
-0.023915069177746773
-0.03974256291985512
0.06326887756586075
0.04555584490299225
0.060694098472595215
0.019209029152989388
-0.01017566304653883
0.01544148102402687
0.009034666232764721
0.06480668485164642
-0.026501014828681946
0.019820941612124443
-0.053381334990262985
0.044498514384031296
-0.05040343478322029
0.008129256777465343
-0.043408796191215515
0.0021302239038050175
-0.021162116900086403
0.007613237481564283
-0.009193276055157185
-0.015636444091796875
-0.05331294983625412
-0.029542226344347
0.020508265122771263
0.03112155571579933
0.028328752145171165
0.03514467179775238
0.03277536481618881
-0.001833659247495234
-0.03301341086626053
0.0003743941488210112
